;; Connected to nREPL server - nrepl://localhost:49316
;; CIDER 0.15.0snapshot (package: 20170129.1941), nREPL 0.2.12
;; Clojure 1.9.0-beta3, Java 1.8.0_92
;;     Docs: (doc function-name)
;;           (find-doc part-of-name)
;;   Source: (source function-name)
;;  Javadoc: (javadoc java-object-or-class)
;;     Exit: <C-c C-q>
;;  Results: Stored in vars *1, *2, *3, an exception in *e;
;; ======================================================================
;; If you're new to CIDER it is highly recommended to go through its
;; manual first. Type <M-x cider-view-manual> to view it.
;; In case you're seeing any warnings you should consult the manual's
;; "Troubleshooting" section.
;;
;; Here are few tips to get you started:
;;
;; * Press <C-h m> to see a list of the keybindings available (this
;;   will work in every Emacs buffer)
;; * Press <,> to quickly invoke some REPL command
;; * Press <C-c C-z> to switch between the REPL and a Clojure file
;; * Press <M-.> to jump to the source of something (e.g. a var, a
;;   Java method)
;; * Press <C-c C-d C-d> to view the documentation for something (e.g.
;;   a var, a Java method)
;; * Enable `eldoc-mode' to display function & method signatures in the minibuffer.
;; * Print CIDER's refcard and keep it close to your keyboard.
;;
;; CIDER is super customizable - try <M-x customize-group cider> to
;; get a feel for this. If you're thirsty for knowledge you should try
;; <M-x cider-drink-a-sip>.
;;
;; If you think you've encountered a bug (or have some suggestions for
;; improvements) use <M-x cider-report-bug> to report it.
;;
;; Above all else - don't panic! In case of an emergency - procure
;; some (hard) cider and enjoy it responsibly!
;;
;; You can remove this message with the `cider-repl-clear-help-banner' command.
;; You can disable it from appearing on start by setting
;; `cider-repl-display-help-banner' to nil.
;; ======================================================================
WARNING: CIDER's version (0.15.0-snapshot) does not match cider-nrepl's version (0.15.1). Things will break!
         More information.
WARNING: clj-refactor and refactor-nrepl are out of sync.
Their versions are 2.3.0-SNAPSHOT (package: 20170126.118) and n/a, respectively.
You can mute this warning by changing cljr-suppress-middleware-warnings.
prime-multiplication-table.core> (print-prime-multiplication-table [1 2 3 4 5 6])
CompilerException java.lang.RuntimeException: Unable to resolve symbol: print-prime-multiplication-table in this context, compiling:(*cider-repl localhost*:48:34) 
prime-multiplication-table.core> 
prime-multiplication-table.table> (print-prime-multiplication-table [1 2 3 4 5 6])
MissingFormatArgumentException Format specifier '%s'  java.util.Formatter.format (Formatter.java:2519)
prime-multiplication-table.table> (print-prime-multiplication-table [1 2 3 4 5 6])
x: 0, y: 0
x: 1, y: 0
x: 2, y: 0
x: 3, y: 0
x: 4, y: 0
x: 5, y: 0
x: 0, y: 1
x: 1, y: 1
x: 2, y: 1
x: 3, y: 1
x: 4, y: 1
x: 5, y: 1
x: 0, y: 2
x: 1, y: 2
x: 2, y: 2
x: 3, y: 2
x: 4, y: 2
x: 5, y: 2
x: 0, y: 3
x: 1, y: 3
x: 2, y: 3
x: 3, y: 3
x: 4, y: 3
x: 5, y: 3
x: 0, y: 4
x: 1, y: 4
x: 2, y: 4
x: 3, y: 4
x: 4, y: 4
x: 5, y: 4
x: 0, y: 5
x: 1, y: 5
x: 2, y: 5
x: 3, y: 5
x: 4, y: 5
x: 5, y: 5
nil
CompilerException java.lang.RuntimeException: Unable to resolve symbol: gen-multiplication-row in this context, compiling:(/Users/brendendoyle/Development/funding-circle/prime-multiplication-table/src/prime_multiplication_table/table.clj:7:12) 
CompilerException java.lang.RuntimeException: Unable to resolve symbol: gen-multiplication-row in this context, compiling:(/Users/brendendoyle/Development/funding-circle/prime-multiplication-table/src/prime_multiplication_table/table.clj:10:12) 
CompilerException clojure.lang.ExceptionInfo: Call to clojure.core/defn did not conform to spec:
In: [1 0] val: memoize fails spec: :clojure.core.specs.alpha/arg-list at: [:args :bs :arity-n :bodies :args] predicate: vector?
In: [1] val: (memoize (fn [coll] (primes x))) fails spec: :clojure.core.specs.alpha/arg-list at: [:args :bs :arity-1 :args] predicate: vector?
 #:clojure.spec.alpha{:problems ({:path [:args :bs :arity-1 :args], :pred clojure.core/vector?, :val (memoize (fn [coll] (primes x))), :via [:clojure.core.specs.alpha/defn-args :clojure.core.specs.alpha/args+body :clojure.core.specs.alpha/arg-list :clojure.core.specs.alpha/arg-list], :in [1]} {:path [:args :bs :arity-n :bodies :args], :pred clojure.core/vector?, :val memoize, :via [:clojure.core.specs.alpha/defn-args :clojure.core.specs.alpha/args+body :clojure.core.specs.alpha/args+body :clojure.core.specs.alpha/args+body :clojure.core.specs.alpha/arg-list :clojure.core.specs.alpha/arg-list], :in [1 0]}), :spec #object[clojure.spec.alpha$regex_spec_impl$reify__1188 0x7028ea17 "clojure.spec.alpha$regex_spec_impl$reify__1188@7028ea17"], :value (get-length (memoize (fn [coll] (primes x)))), :args (get-length (memoize (fn [coll] (primes x))))}, compiling:(/Users/brendendoyle/Development/funding-circle/prime-multiplication-table/src/prime_multiplication_table/table.clj:3:1) 
CompilerException java.lang.RuntimeException: Unable to resolve symbol: primes in this context, compiling:(/Users/brendendoyle/Development/funding-circle/prime-multiplication-table/src/prime_multiplication_table/table.clj:5:14) 
CompilerException java.lang.RuntimeException: Unable to resolve symbol: get-operand in this context, compiling:(/Users/brendendoyle/Development/funding-circle/prime-multiplication-table/src/prime_multiplication_table/table.clj:11:15) 
prime-multiplication-table.table> (print-prime-multiplication-table [2 3 5])
x: 0, y: 0
x: 1, y: 0
x: 2, y: 0
x: 0, y: 1
x: 1, y: 1
x: 2, y: 1
x: 0, y: 2
x: 1, y: 2
x: 2, y: 2
nil
prime-multiplication-table.table> (gen-prime-multiplication-table [2 3 5])
((1 2 3) (2 4 6) (3 6 9))
prime-multiplication-table.table> (gen-prime-multiplication-table [2 3 5])
[[1 2 3] [2 4 6] [3 6 9]]
prime-multiplication-table.table> (gen-prime-multiplication-table [2 3 5])
[[1 2 3 5] [2 4 6 10] [3 6 9 15] [5 10 15 25]]
prime-multiplication-table.table> (print-table (gen-prime-multiplication-table [2 3 5]))
 1| 2| 3| 5|
 2| 4| 6| 10|
 3| 6| 9| 15|
 5| 10| 15| 25|
nil
prime-multiplication-table.table> (count (str 123))
3
CompilerException java.lang.RuntimeException: Unable to resolve symbol: count-digits in this context, compiling:(/Users/brendendoyle/Development/funding-circle/prime-multiplication-table/src/prime_multiplication_table/table.clj:31:23) 
CompilerException java.lang.RuntimeException: Unable to resolve symbol: last-num-size in this context, compiling:(/Users/brendendoyle/Development/funding-circle/prime-multiplication-table/src/prime_multiplication_table/table.clj:34:21) 
prime-multiplication-table.table> (print-table (gen-prime-multiplication-table [2 3 5]))
ArityException Wrong number of args (0) passed to: table/gen-padding-whitespace  clojure.lang.AFn.throwArity (AFn.java:429)
prime-multiplication-table.table> (print-table (gen-prime-multiplication-table [2 3 5]))
1|2|3|5|
2|4|6|10|
3|6|9|15|
5|10|15|25|
nil
prime-multiplication-table.table> (gen-padding-whitespace 3 23)
""
prime-multiplication-table.table> (repeat 5 " ")
(" " " " " " " " " ")
prime-multiplication-table.table> (apply str (repeat 5 " "))
"     "
prime-multiplication-table.table> (- 3 (count-digits 5))
2
prime-multiplication-table.table> (print-table (gen-prime-multiplication-table [2 3 5]))
 1| 2| 3| 5|
 2| 4| 6|10|
 3| 6| 9|15|
 5|10|15|25|
nil
prime-multiplication-table.table> (print-table (gen-prime-multiplication-table [2 3 5]))
  1|  2|  3|  5|
  2|  4|  6| 10|
  3|  6|  9| 15|
  5| 10| 15| 25|
nil
prime-multiplication-table.table> (print-table (gen-prime-multiplication-table [2 3 5]))
 1| 2| 3| 5|
 2| 4| 6|10|
 3| 6| 9|15|
 5|10|15|25|
nil
prime-multiplication-table.table> (print-table (gen-prime-multiplication-table [2 3 5]))
 1| 2| 3| 5|
-------- 2| 4| 6|10|
-------- 3| 6| 9|15|
-------- 5|10|15|25|
--------
nil
prime-multiplication-table.table> (print-table (gen-prime-multiplication-table [2 3 5]))
 1|
-- 2|
-- 3|
-- 5|
-- 2|
-- 4|
-- 6|
--10|
-- 3|
-- 6|
-- 9|
--15|
-- 5|
--10|
--15|
--25|
--
nil
prime-multiplication-table.table> (print-table (gen-prime-multiplication-table [2 3 5]))
 1| 2| 3| 5|

-------- 2| 4| 6|10|

-------- 3| 6| 9|15|

-------- 5|10|15|25|

--------
nil
prime-multiplication-table.table> (print-table (gen-prime-multiplication-table [2 3 5]))
 1| 2| 3| 5|
--------
 2| 4| 6|10|
--------
 3| 6| 9|15|
--------
 5|10|15|25|
--------
nil
prime-multiplication-table.table> (print-table (gen-prime-multiplication-table [2 3 5]))
 1| 2| 3| 5|
------------
 2| 4| 6|10|
------------
 3| 6| 9|15|
------------
 5|10|15|25|
------------
nil
prime-multiplication-table.table> (print-table (gen-prime-multiplication-table [2 3 5]))
 1| 2| 3| 5|
--|--|--|--|
 2| 4| 6|10|
--|--|--|--|
 3| 6| 9|15|
--|--|--|--|
 5|10|15|25|
--|--|--|--|
nil
prime-multiplication-table.table> (count "")
0
prime-multiplication-table.table> (print nil)
nil
nil
prime-multiplication-table.table> (print-table (gen-prime-multiplication-table [2 3 5]))
IllegalArgumentException Don't know how to create ISeq from: java.lang.Long  clojure.lang.RT.seqFrom (RT.java:550)


prime-multiplication-table.table> 
prime-multiplication-table.table> (gen-prime-multiplication-table [2 3 5])
("" 2 3 5 [2 4 6 10] [3 6 9 15] [5 10 15 25])
prime-multiplication-table.table> (gen-prime-multiplication-table [2 3 5])
(([2 4 6 10] [3 6 9 15] [5 10 15 25]) "" 2 3 5)
prime-multiplication-table.table> (gen-prime-multiplication-table [2 3 5])
(("" 2 3 5) [2 4 6 10] [3 6 9 15] [5 10 15 25])
prime-multiplication-table.table> (gen-prime-multiplication-table [2 3 5])
(("" 2 3 5) [2 4 6 10] [3 6 9 15] [5 10 15 25])
CompilerException java.lang.RuntimeException: Unable to resolve symbol: push in this context, compiling:(/Users/brendendoyle/Development/funding-circle/prime-multiplication-table/src/prime_multiplication_table/table.clj:27:30) 
prime-multiplication-table.table> (gen-prime-multiplication-table [2 3 5])
((2 3 5) [2 4 6 10] [3 6 9 15] [5 10 15 25])
prime-multiplication-table.table> (gen-prime-multiplication-table [2 3 5])
((2 3 5) [2 4 6 10] [3 6 9 15] [5 10 15 25])
prime-multiplication-table.table> (gen-prime-multiplication-table [2 3 5])
(("" 2 3 5) [2 4 6 10] [3 6 9 15] [5 10 15 25])
prime-multiplication-table.table> (gen-prime-multiplication-table [2 3 5])
["" 2 3 5 ([2 4 6 10] [3 6 9 15] [5 10 15 25])]
prime-multiplication-table.table> (gen-prime-multiplication-table [2 3 5])
(["" 2 3 5] [2 4 6 10] [3 6 9 15] [5 10 15 25])
prime-multiplication-table.table> (print-table (gen-prime-multiplication-table [2 3 5]))
  | 2| 3| 5|
--|--|--|--|
 2| 4| 6|10|
--|--|--|--|
 3| 6| 9|15|
--|--|--|--|
 5|10|15|25|
--|--|--|--|
nil
CompilerException java.io.FileNotFoundException: Could not locate prime_multiplication_table/tables__init.class or prime_multiplication_table/tables.clj on classpath. Please check that namespaces with dashes use underscores in the Clojure file name., compiling:(/Users/brendendoyle/Development/funding-circle/prime-multiplication-table/src/prime_multiplication_table/core.clj:1:1) 
CompilerException java.lang.RuntimeException: Unable to resolve symbol: table-printer in this context, compiling:(/Users/brendendoyle/Development/funding-circle/prime-multiplication-table/src/prime_multiplication_table/core.clj:12:5) 
prime-multiplication-table.table> 
prime-multiplication-table.core> (-main)
   |  2|  3|  5|  7| 11| 13| 17| 19| 23| 29|
---|---|---|---|---|---|---|---|---|---|---|
  2|  4|  6| 10| 14| 22| 26| 34| 38| 46| 58|
---|---|---|---|---|---|---|---|---|---|---|
  3|  6|  9| 15| 21| 33| 39| 51| 57| 69| 87|
---|---|---|---|---|---|---|---|---|---|---|
  5| 10| 15| 25| 35| 55| 65| 85| 95|115|145|
---|---|---|---|---|---|---|---|---|---|---|
  7| 14| 21| 35| 49| 77| 91|119|133|161|203|
---|---|---|---|---|---|---|---|---|---|---|
 11| 22| 33| 55| 77|121|143|187|209|253|319|
---|---|---|---|---|---|---|---|---|---|---|
 13| 26| 39| 65| 91|143|169|221|247|299|377|
---|---|---|---|---|---|---|---|---|---|---|
 17| 34| 51| 85|119|187|221|289|323|391|493|
---|---|---|---|---|---|---|---|---|---|---|
 19| 38| 57| 95|133|209|247|323|361|437|551|
---|---|---|---|---|---|---|---|---|---|---|
 23| 46| 69|115|161|253|299|391|437|529|667|
---|---|---|---|---|---|---|---|---|---|---|
 29| 58| 87|145|203|319|377|493|551|667|841|
---|---|---|---|---|---|---|---|---|---|---|
nil
prime-multiplication-table.core> (-main)
    |   2|   3|   5|   7|  11|  13|  17|  19|  23|  29|  31|  37|  41|  43|  47|  53|  59|  61|  67|  71|
----|----|----|----|----|----|----|----|----|----|----|----|----|----|----|----|----|----|----|----|----|
   2|   4|   6|  10|  14|  22|  26|  34|  38|  46|  58|  62|  74|  82|  86|  94| 106| 118| 122| 134| 142|
----|----|----|----|----|----|----|----|----|----|----|----|----|----|----|----|----|----|----|----|----|
   3|   6|   9|  15|  21|  33|  39|  51|  57|  69|  87|  93| 111| 123| 129| 141| 159| 177| 183| 201| 213|
----|----|----|----|----|----|----|----|----|----|----|----|----|----|----|----|----|----|----|----|----|
   5|  10|  15|  25|  35|  55|  65|  85|  95| 115| 145| 155| 185| 205| 215| 235| 265| 295| 305| 335| 355|
----|----|----|----|----|----|----|----|----|----|----|----|----|----|----|----|----|----|----|----|----|
   7|  14|  21|  35|  49|  77|  91| 119| 133| 161| 203| 217| 259| 287| 301| 329| 371| 413| 427| 469| 497|
----|----|----|----|----|----|----|----|----|----|----|----|----|----|----|----|----|----|----|----|----|
  11|  22|  33|  55|  77| 121| 143| 187| 209| 253| 319| 341| 407| 451| 473| 517| 583| 649| 671| 737| 781|
----|----|----|----|----|----|----|----|----|----|----|----|----|----|----|----|----|----|----|----|----|
  13|  26|  39|  65|  91| 143| 169| 221| 247| 299| 377| 403| 481| 533| 559| 611| 689| 767| 793| 871| 923|
----|----|----|----|----|----|----|----|----|----|----|----|----|----|----|----|----|----|----|----|----|
  17|  34|  51|  85| 119| 187| 221| 289| 323| 391| 493| 527| 629| 697| 731| 799| 901|1003|1037|1139|1207|
----|----|----|----|----|----|----|----|----|----|----|----|----|----|----|----|----|----|----|----|----|
  19|  38|  57|  95| 133| 209| 247| 323| 361| 437| 551| 589| 703| 779| 817| 893|1007|1121|1159|1273|1349|
----|----|----|----|----|----|----|----|----|----|----|----|----|----|----|----|----|----|----|----|----|
  23|  46|  69| 115| 161| 253| 299| 391| 437| 529| 667| 713| 851| 943| 989|1081|1219|1357|1403|1541|1633|
----|----|----|----|----|----|----|----|----|----|----|----|----|----|----|----|----|----|----|----|----|
  29|  58|  87| 145| 203| 319| 377| 493| 551| 667| 841| 899|1073|1189|1247|1363|1537|1711|1769|1943|2059|
----|----|----|----|----|----|----|----|----|----|----|----|----|----|----|----|----|----|----|----|----|
  31|  62|  93| 155| 217| 341| 403| 527| 589| 713| 899| 961|1147|1271|1333|1457|1643|1829|1891|2077|2201|
----|----|----|----|----|----|----|----|----|----|----|----|----|----|----|----|----|----|----|----|----|
  37|  74| 111| 185| 259| 407| 481| 629| 703| 851|1073|1147|1369|1517|1591|1739|1961|2183|2257|2479|2627|
----|----|----|----|----|----|----|----|----|----|----|----|----|----|----|----|----|----|----|----|----|
  41|  82| 123| 205| 287| 451| 533| 697| 779| 943|1189|1271|1517|1681|1763|1927|2173|2419|2501|2747|2911|
----|----|----|----|----|----|----|----|----|----|----|----|----|----|----|----|----|----|----|----|----|
  43|  86| 129| 215| 301| 473| 559| 731| 817| 989|1247|1333|1591|1763|1849|2021|2279|2537|2623|2881|3053|
----|----|----|----|----|----|----|----|----|----|----|----|----|----|----|----|----|----|----|----|----|
  47|  94| 141| 235| 329| 517| 611| 799| 893|1081|1363|1457|1739|1927|2021|2209|2491|2773|2867|3149|3337|
----|----|----|----|----|----|----|----|----|----|----|----|----|----|----|----|----|----|----|----|----|
  53| 106| 159| 265| 371| 583| 689| 901|1007|1219|1537|1643|1961|2173|2279|2491|2809|3127|3233|3551|3763|
----|----|----|----|----|----|----|----|----|----|----|----|----|----|----|----|----|----|----|----|----|
  59| 118| 177| 295| 413| 649| 767|1003|1121|1357|1711|1829|2183|2419|2537|2773|3127|3481|3599|3953|4189|
----|----|----|----|----|----|----|----|----|----|----|----|----|----|----|----|----|----|----|----|----|
  61| 122| 183| 305| 427| 671| 793|1037|1159|1403|1769|1891|2257|2501|2623|2867|3233|3599|3721|4087|4331|
----|----|----|----|----|----|----|----|----|----|----|----|----|----|----|----|----|----|----|----|----|
  67| 134| 201| 335| 469| 737| 871|1139|1273|1541|1943|2077|2479|2747|2881|3149|3551|3953|4087|4489|4757|
----|----|----|----|----|----|----|----|----|----|----|----|----|----|----|----|----|----|----|----|----|
  71| 142| 213| 355| 497| 781| 923|1207|1349|1633|2059|2201|2627|2911|3053|3337|3763|4189|4331|4757|5041|
----|----|----|----|----|----|----|----|----|----|----|----|----|----|----|----|----|----|----|----|----|
nil
prime-multiplication-table.core> (-main)
    |   2|   3|   5|   7|  11|  13|  17|  19|  23|  29|  31|  37|  41|  43|  47|
----|----|----|----|----|----|----|----|----|----|----|----|----|----|----|----|
   2|   4|   6|  10|  14|  22|  26|  34|  38|  46|  58|  62|  74|  82|  86|  94|
----|----|----|----|----|----|----|----|----|----|----|----|----|----|----|----|
   3|   6|   9|  15|  21|  33|  39|  51|  57|  69|  87|  93| 111| 123| 129| 141|
----|----|----|----|----|----|----|----|----|----|----|----|----|----|----|----|
   5|  10|  15|  25|  35|  55|  65|  85|  95| 115| 145| 155| 185| 205| 215| 235|
----|----|----|----|----|----|----|----|----|----|----|----|----|----|----|----|
   7|  14|  21|  35|  49|  77|  91| 119| 133| 161| 203| 217| 259| 287| 301| 329|
----|----|----|----|----|----|----|----|----|----|----|----|----|----|----|----|
  11|  22|  33|  55|  77| 121| 143| 187| 209| 253| 319| 341| 407| 451| 473| 517|
----|----|----|----|----|----|----|----|----|----|----|----|----|----|----|----|
  13|  26|  39|  65|  91| 143| 169| 221| 247| 299| 377| 403| 481| 533| 559| 611|
----|----|----|----|----|----|----|----|----|----|----|----|----|----|----|----|
  17|  34|  51|  85| 119| 187| 221| 289| 323| 391| 493| 527| 629| 697| 731| 799|
----|----|----|----|----|----|----|----|----|----|----|----|----|----|----|----|
  19|  38|  57|  95| 133| 209| 247| 323| 361| 437| 551| 589| 703| 779| 817| 893|
----|----|----|----|----|----|----|----|----|----|----|----|----|----|----|----|
  23|  46|  69| 115| 161| 253| 299| 391| 437| 529| 667| 713| 851| 943| 989|1081|
----|----|----|----|----|----|----|----|----|----|----|----|----|----|----|----|
  29|  58|  87| 145| 203| 319| 377| 493| 551| 667| 841| 899|1073|1189|1247|1363|
----|----|----|----|----|----|----|----|----|----|----|----|----|----|----|----|
  31|  62|  93| 155| 217| 341| 403| 527| 589| 713| 899| 961|1147|1271|1333|1457|
----|----|----|----|----|----|----|----|----|----|----|----|----|----|----|----|
  37|  74| 111| 185| 259| 407| 481| 629| 703| 851|1073|1147|1369|1517|1591|1739|
----|----|----|----|----|----|----|----|----|----|----|----|----|----|----|----|
  41|  82| 123| 205| 287| 451| 533| 697| 779| 943|1189|1271|1517|1681|1763|1927|
----|----|----|----|----|----|----|----|----|----|----|----|----|----|----|----|
  43|  86| 129| 215| 301| 473| 559| 731| 817| 989|1247|1333|1591|1763|1849|2021|
----|----|----|----|----|----|----|----|----|----|----|----|----|----|----|----|
  47|  94| 141| 235| 329| 517| 611| 799| 893|1081|1363|1457|1739|1927|2021|2209|
----|----|----|----|----|----|----|----|----|----|----|----|----|----|----|----|
nil
prime-multiplication-table.core> (time (-main))
WARNING: CIDER's version (0.15.0-snapshot) does not match cider-nrepl's version (0.15.1). Things will break!
         More information.
WARNING: clj-refactor and refactor-nrepl are out of sync.
Their versions are 2.3.0-SNAPSHOT (package: 20170126.118) and n/a, respectively.
You can mute this warning by changing cljr-suppress-middleware-warnings.
prime-multiplication-table.core> (time (-main))
    |   2|   3|   5|   7|  11|  13|  17|  19|  23|  29|  31|  37|  41|  43|  47|
----|----|----|----|----|----|----|----|----|----|----|----|----|----|----|----|
   2|   4|   6|  10|  14|  22|  26|  34|  38|  46|  58|  62|  74|  82|  86|  94|
----|----|----|----|----|----|----|----|----|----|----|----|----|----|----|----|
   3|   6|   9|  15|  21|  33|  39|  51|  57|  69|  87|  93| 111| 123| 129| 141|
----|----|----|----|----|----|----|----|----|----|----|----|----|----|----|----|
   5|  10|  15|  25|  35|  55|  65|  85|  95| 115| 145| 155| 185| 205| 215| 235|
----|----|----|----|----|----|----|----|----|----|----|----|----|----|----|----|
   7|  14|  21|  35|  49|  77|  91| 119| 133| 161| 203| 217| 259| 287| 301| 329|
----|----|----|----|----|----|----|----|----|----|----|----|----|----|----|----|
  11|  22|  33|  55|  77| 121| 143| 187| 209| 253| 319| 341| 407| 451| 473| 517|
----|----|----|----|----|----|----|----|----|----|----|----|----|----|----|----|
  13|  26|  39|  65|  91| 143| 169| 221| 247| 299| 377| 403| 481| 533| 559| 611|
----|----|----|----|----|----|----|----|----|----|----|----|----|----|----|----|
  17|  34|  51|  85| 119| 187| 221| 289| 323| 391| 493| 527| 629| 697| 731| 799|
----|----|----|----|----|----|----|----|----|----|----|----|----|----|----|----|
  19|  38|  57|  95| 133| 209| 247| 323| 361| 437| 551| 589| 703| 779| 817| 893|
----|----|----|----|----|----|----|----|----|----|----|----|----|----|----|----|
  23|  46|  69| 115| 161| 253| 299| 391| 437| 529| 667| 713| 851| 943| 989|1081|
----|----|----|----|----|----|----|----|----|----|----|----|----|----|----|----|
  29|  58|  87| 145| 203| 319| 377| 493| 551| 667| 841| 899|1073|1189|1247|1363|
----|----|----|----|----|----|----|----|----|----|----|----|----|----|----|----|
  31|  62|  93| 155| 217| 341| 403| 527| 589| 713| 899| 961|1147|1271|1333|1457|
----|----|----|----|----|----|----|----|----|----|----|----|----|----|----|----|
  37|  74| 111| 185| 259| 407| 481| 629| 703| 851|1073|1147|1369|1517|1591|1739|
----|----|----|----|----|----|----|----|----|----|----|----|----|----|----|----|
  41|  82| 123| 205| 287| 451| 533| 697| 779| 943|1189|1271|1517|1681|1763|1927|
----|----|----|----|----|----|----|----|----|----|----|----|----|----|----|----|
  43|  86| 129| 215| 301| 473| 559| 731| 817| 989|1247|1333|1591|1763|1849|2021|
----|----|----|----|----|----|----|----|----|----|----|----|----|----|----|----|
  47|  94| 141| 235| 329| 517| 611| 799| 893|1081|1363|1457|1739|1927|2021|2209|
----|----|----|----|----|----|----|----|----|----|----|----|----|----|----|----|
"Elapsed time: 15.6623 msecs"
nil
prime-multiplication-table.core> (time (-main))
        |       2|       3|       5|       7|      11|      13|      17|      19|      23|      29|      31|      37|      41|      43|      47|      53|      59|      61|      67|      71|      73|      79|      83|      89|      97|     101|     103|     107|     109|     113|     127|     131|     137|     139|     149|     151|     157|     163|     167|     173|     179|     181|     191|     193|     197|     199|     211|     223|     227|     229|     233|     239|     241|     251|     257|     263|     269|     271|     277|     281|     283|     293|     307|     311|     313|     317|     331|     337|     347|     349|     353|     359|     367|     373|     379|     383|     389|     397|     401|     409|     419|     421|     431|     433|     439|     443|     449|     457|     461|     463|     467|     479|     487|     491|     499|     503|     509|     521|     523|     541|     547|     557|     563|     569|     571|     577|     587|     593|     599|     601|     607|     613|     617|     619|     631|     641|     643|     647|     653|     659|     661|     673|     677|     683|     691|     701|     709|     719|     727|     733|     739|     743|     751|     757|     761|     769|     773|     787|     797|     809|     811|     821|     823|     827|     829|     839|     853|     857|     859|     863|     877|     881|     883|     887|     907|     911|     919|     929|     937|     941|     947|     953|     967|     971|     977|     983|     991|     997|    1009|    1013|    1019|    1021|    1031|    1033|    1039|    1049|    1051|    1061|    1063|    1069|    1087|    1091|    1093|    1097|    1103|    1109|    1117|    1123|    1129|    1151|    1153|    1163|    1171|    1181|    1187|    1193|    1201|    1213|    1217|    1223|    1229|    1231|    1237|    1249|    1259|    1277|    1279|    1283|    1289|    1291|    1297|    1301|    1303|    1307|    1319|    1321|    1327|    1361|    1367|    1373|    1381|    1399|    1409|    1423|    1427|    1429|    1433|    1439|    1447|    1451|    1453|    1459|    1471|    1481|    1483|    1487|    1489|    1493|    1499|    1511|    1523|    1531|    1543|    1549|    1553|    1559|    1567|    1571|    1579|    1583|    1597|    1601|    1607|    1609|    1613|    1619|    1621|    1627|    1637|    1657|    1663|    1667|    1669|    1693|    1697|    1699|    1709|    1721|    1723|    1733|    1741|    1747|    1753|    1759|    1777|    1783|    1787|    1789|    1801|    1811|    1823|    1831|    1847|    1861|    1867|    1871|    1873|    1877|    1879|    1889|    1901|    1907|    1913|    1931|    1933|    1949|    1951|    1973|    1979|    1987|    1993|    1997|    1999|    2003|    2011|    2017|    2027|    2029|    2039|    2053|    2063|    2069|    2081|    2083|    2087|    2089|    2099|    2111|    2113|    2129|    2131|    2137|    2141|    2143|    2153|    2161|    2179|    2203|    2207|    2213|    2221|    2237|    2239|    2243|    2251|    2267|    2269|    2273|    2281|    2287|    2293|    2297|    2309|    2311|    2333|    2339|    2341|    2347|    2351|    2357|    2371|    2377|    2381|    2383|    2389|    2393|    2399|    2411|    2417|    2423|    2437|    2441|    2447|    2459|    2467|    2473|    2477|    2503|    2521|    2531|    2539|    2543|    2549|    2551|    2557|    2579|    2591|    2593|    2609|    2617|    2621|    2633|    2647|    2657|    2659|    2663|    2671|    2677|    2683|    2687|    2689|    2693|    2699|    2707|    2711|    2713|    2719|    2729|    2731|    2741|    2749|    2753|    2767|    2777|    2789|    2791|    2797|    2801|    2803|    2819|    2833|    2837|    2843|    2851|    2857|    2861|    2879|    2887|    2897|    2903|    2909|    2917|    2927|    2939|    2953|    2957|    2963|    2969|    2971|    2999|    3001|    3011|    3019|    3023|    3037|    3041|    3049|    3061|    3067|    3079|    3083|    3089|    3109|    3119|    3121|    3137|    3163|    3167|    3169|    3181|    3187|    3191|    3203|    3209|    3217|    3221|    3229|    3251|    3253|    3257|    3259|    3271|    3299|    3301|    3307|    3313|    3319|    3323|    3329|    3331|    3343|    3347|    3359|    3361|    3371|    3373|    3389|    3391|    3407|    3413|    3433|    3449|    3457|    3461|    3463|    3467|    3469|    3491|    3499|    3511|    3517|    3527|    3529|    3533|    3539|    3541|    3547|    3557|    3559|    3571|    3581|    3583|    3593|    3607|    3613|    3617|    3623|    3631|    3637|    3643|    3659|    3671|    3673|    3677|    3691|    3697|    3701|    3709|    3719|    3727|    3733|    3739|    3761|    3767|    3769|    3779|    3793|    3797|    3803|    3821|    3823|    3833|    3847|    3851|    3853|    3863|    3877|    3881|    3889|    3907|    3911|    3917|    3919|    3923|    3929|    3931|    3943|    3947|    3967|    3989|    4001|    4003|    4007|    4013|    4019|    4021|    4027|    4049|    4051|    4057|    4073|    4079|    4091|    4093|    4099|    4111|    4127|    4129|    4133|    4139|    4153|    4157|    4159|    4177|    4201|    4211|    4217|    4219|    4229|    4231|    4241|    4243|    4253|    4259|    4261|    4271|    4273|    4283|    4289|    4297|    4327|    4337|    4339|    4349|    4357|    4363|    4373|    4391|    4397|    4409|    4421|    4423|    4441|    4447|    4451|    4457|    4463|    4481|    4483|    4493|    4507|    4513|    4517|    4519|    4523|    4547|    4549|    4561|    4567|    4583|    4591|    4597|    4603|    4621|    4637|    4639|    4643|    4649|    4651|    4657|    4663|    4673|    4679|    4691|    4703|    4721|    4723|    4729|    4733|    4751|    4759|    4783|    4787|    4789|    4793|    4799|    4801|    4813|    4817|    4831|    4861|    4871|    4877|    4889|    4903|    4909|    4919|    4931|    4933|    4937|    4943|    4951|    4957|    4967|    4969|    4973|    4987|    4993|    4999|    5003|    5009|    5011|    5021|    5023|    5039|    5051|    5059|    5077|    5081|    5087|    5099|    5101|    5107|    5113|    5119|    5147|    5153|    5167|    5171|    5179|    5189|    5197|    5209|    5227|    5231|    5233|    5237|    5261|    5273|    5279|    5281|    5297|    5303|    5309|    5323|    5333|    5347|    5351|    5381|    5387|    5393|    5399|    5407|    5413|    5417|    5419|    5431|    5437|    5441|    5443|    5449|    5471|    5477|    5479|    5483|    5501|    5503|    5507|    5519|    5521|    5527|    5531|    5557|    5563|    5569|    5573|    5581|    5591|    5623|    5639|    5641|    5647|    5651|    5653|    5657|    5659|    5669|    5683|    5689|    5693|    5701|    5711|    5717|    5737|    5741|    5743|    5749|    5779|    5783|    5791|    5801|    5807|    5813|    5821|    5827|    5839|    5843|    5849|    5851|    5857|    5861|    5867|    5869|    5879|    5881|    5897|    5903|    5923|    5927|    5939|    5953|    5981|    5987|    6007|    6011|    6029|    6037|    6043|    6047|    6053|    6067|    6073|    6079|    6089|    6091|    6101|    6113|    6121|    6131|    6133|    6143|    6151|    6163|    6173|    6197|    6199|    6203|    6211|    6217|    6221|    6229|    6247|    6257|    6263|    6269|    6271|    6277|    6287|    6299|    6301|    6311|    6317|    6323|    6329|    6337|    6343|    6353|    6359|    6361|    6367|    6373|    6379|    6389|    6397|    6421|    6427|    6449|    6451|    6469|    6473|    6481|    6491|    6521|    6529|    6547|    6551|    6553|    6563|    6569|    6571|    6577|    6581|    6599|    6607|    6619|    6637|    6653|    6659|    6661|    6673|    6679|    6689|    6691|    6701|    6703|    6709|    6719|    6733|    6737|    6761|    6763|    6779|    6781|    6791|    6793|    6803|    6823|    6827|    6829|    6833|    6841|    6857|    6863|    6869|    6871|    6883|    6899|    6907|    6911|    6917|    6947|    6949|    6959|    6961|    6967|    6971|    6977|    6983|    6991|    6997|    7001|    7013|    7019|    7027|    7039|    7043|    7057|    7069|    7079|    7103|    7109|    7121|    7127|    7129|    7151|    7159|    7177|    7187|    7193|    7207|    7211|    7213|    7219|    7229|    7237|    7243|    7247|    7253|    7283|    7297|    7307|    7309|    7321|    7331|    7333|    7349|    7351|    7369|    7393|    7411|    7417|    7433|    7451|    7457|    7459|    7477|    7481|    7487|    7489|    7499|    7507|    7517|    7523|    7529|    7537|    7541|    7547|    7549|    7559|    7561|    7573|    7577|    7583|    7589|    7591|    7603|    7607|    7621|    7639|    7643|    7649|    7669|    7673|    7681|    7687|    7691|    7699|    7703|    7717|    7723|    7727|    7741|    7753|    7757|    7759|    7789|    7793|    7817|    7823|    7829|    7841|    7853|    7867|    7873|    7877|    7879|    7883|    7901|    7907|    7919|
